1657311577
1660309717
1531309925
1542842651
1559743383
1608446879
1602452852
1609788362
1595527826
1598047316
1671579687
1539191584
1520506615
1524830409
1655772294
1638580233
1605116529
1653778223
1562586883
1582356249
1643065151
1581431761
1614222113
1540992272
1611489231
1635759682
1565338512
1650234373
1616088501
1603879743
1631022152
1592615012
1539890928
1635115157
1566601843
1605748255
1572218778
1674729108
1643111018
1653003135
1579530138
1552484409
1598064459
1669549187
1637509712
1645601293
1606292116
1664908440
1668809089
1569784839
1598122975
1600451435
1537276688
1612157160
1644314256
1542783464
1623299855
1539813377
1608862347
1659803491
1562155898
1642055849
1621708096
1671747002
1581579785
1620997940
1632346119
1587182353
1587262010
1673528837
1596877585
1661043178
1581537310
1594596589
1556810434
1600666535
1619231709
1661635736
1575693590
1592821747
1596337411
1649216251
1580305709
1521530411
1574248495
1666398040
1577846543
1641271197
1594746681
1639819421
1600637735
1592702040
1643684089
1597699625
1654699976
1666409209
1572092154
1674754664
1664330033
1534861780
1613102330
1651432292
1568301087
1632396919
1530933146
1572808908
1667645292
1603500831
1554602007
1546992003
1527867242
1653779473
1602321339
1647518153
1585979577
1597920258
1649926876
1673009512
1651586923
1613478508
1571872760
1590901499
1609974257
1636185349
1644909490
1580225987
1525456445
1585689170
1657901032
1608678993
1571664717
1570355735
1663369978
1646914348
1637896617
1550144198
1586905956
1549543597
1523259739
1534146565
1568524659
1534485368
1638443843
1625430584
1647406517
1614899655
1659446630
1595564925
1615886913
1632399689
1588370667
1676900167
1525735332
1552971118
1579931730
1577754417
1590792465
1581162254
1663899041
1534074879
1531378848
1663284850
1676946455
1591719566
1627107905
1672490909
1602721721
1638262388
1640261481
1625027858
1550224078
1606731139
1569195368
1611996016
1668721357
1632289919
1667645461
1653163148
1532373524
1663620796
1533913171
1593938348
1631024827
1660048314
1616130026
1623832408
1545467546
1542775997
1569709101
1563674965
1589231646
1634900597
1533469200
1541413788
1599630597
1526729252
1527574156
1651164007
1586927066
1602617180
1598119168
1593776668
1620325671
1638347584
1568279453
1587439736
1638240331
1603718998
1579687428
1581851415
1575018174
1551015689
1613558957
1527522581
1541773687
1640633588
1661180329
1608474177
1562680895
1574787330
1666844479
1648027323
1568651657
1591695811
1529705581
1538967225
1604525711
1628194932
1638300357
1525236200
1539516708
1617393815
1563748983
1572521376
1557099652
1664106378
1638616098
1533783189
1609062863
1590359233
1522023196
1587299991
1661196559
1625300655
1548944385
1622567811
1564068442
1614478519
1650054499
1608840736
1570338169
1564733434
1527323353
1629469107
1616050267
1618224800
1556279981
1638380621
1526681925
1578972182
1597096941
1523509657
1672168937
1651009920
1609365845
1627066950
1527101393
1616081392
1600623619
1641369749
1547085125
1540282472
1596806768
1645833873
1619857792
1581275472
1605843917
1531950041
1649336970
1644477565
1625148078
1590258112
1627840479
1528748160
1635245581
1664641119
1582705649
1624016050
1608663545
1579000550
1640605648
1560683944
1575416202
1588968622
1605191857
1660417597
1526620089
1546754911
1577241284
1577247393